Gemeinde,BFS_NR_GEMEINDE,0-19,20-39,40-64,65-79,80+,Statistikjahr
Aadorf ,4551,25.3,26.6,35.6,9.5,3.0,2004
Affeltrangen,4711,27.8,25.8,34.6,8.7,3.2,2004
Altnau,4641,27.5,25.9,36.5,7.8,2.3,2004
Amlikon-Bissegg,4881,28.8,22.9,33.6,11.5,3.2,2004
Amriswil,4461,25.5,26.8,32.2,10.9,4.5,2004
Arbon,4401,22.2,26.6,33.2,12.6,5.4,2004
Basadingen-Schlattingen,4536,28.9,23.5,35.3,9.3,3.0,2004
Berg,4891,29.4,24.4,33.8,8.7,3.6,2004
Berlingen ,4801,18.0,20.5,42.2,13.6,5.7,2004
Bettwiesen,4716,29.0,26.5,33.6,8.5,2.3,2004
Bichelsee-Balterswil,4721,26.8,25.3,36.3,8.9,2.7,2004
Birwinken,4901,30.8,23.7,32.7,10.1,2.7,2004
Bischofszell,4471,25.4,27.2,31.5,10.3,5.5,2004
Bottighofen,4643,18.2,26.3,40.3,12.4,2.9,2004
Braunau,4723,29.4,29.4,31.6,7.4,2.2,2004
Bürglen,4911,25.8,28.4,33.1,8.9,3.8,2004
Bussnang ,4921,28.9,25.0,32.8,9.8,3.5,2004
Diessenhofen,4545,22.6,28.6,35.4,10.4,3.0,2004
Dozwil,4406,28.3,22.1,34.0,11.6,4.0,2004
Egnach,4411,28.0,24.9,34.4,9.0,3.8,2004
Erlen,4476,29.1,24.6,34.6,8.3,3.3,2004
Ermatingen,4646,21.1,25.4,35.5,12.9,5.1,2004
Eschenz,4806,24.7,23.9,35.6,11.6,4.1,2004
Eschlikon,4724,25.9,26.6,34.5,9.5,3.5,2004
Felben-Wellhausen,4561,27.1,27.8,35.3,7.6,2.2,2004
Fischingen,4726,28.0,24.9,33.5,9.5,4.1,2004
Frauenfeld,4566,21.8,28.5,34.6,10.5,4.6,2004
Gachnang,4571,27.3,27.2,36.8,6.8,1.9,2004
Gottlieben,4651,15.4,27.6,40.9,11.9,4.2,2004
Güttingen,4656,25.4,24.6,36.7,10.5,2.8,2004
Hauptwil-Gottshaus,4486,26.9,25.6,33.2,8.6,5.8,2004
Hefenhofen,4416,30.3,24.7,32.4,10.0,2.5,2004
Herdern ,4811,28.3,26.0,34.2,8.5,3.0,2004
Hohentannen,4495,34.0,23.3,28.3,10.0,4.3,2004
Homburg,4816,30.0,22.6,35.2,9.5,2.7,2004
Horn,4421,21.7,27.0,33.8,12.2,5.2,2004
Hüttlingen,4590,27.3,26.4,37.0,7.1,2.1,2004
Hüttwilen,4821,25.8,23.4,37.0,9.4,4.4,2004
Kemmental,4666,29.1,23.6,34.6,9.2,3.6,2004
Kesswil,4426,25.0,23.8,35.4,12.8,3.1,2004
Kradolf-Schönenberg,4501,27.3,25.9,34.8,8.6,3.5,2004
Kreuzlingen,4671,20.3,29.5,34.2,11.9,4.2,2004
Langrickenbach,4681,30.1,23.5,32.7,9.7,4.0,2004
Lengwil,4683,25.8,24.8,38.1,9.0,2.4,2004
Lommis,4741,31.8,23.3,35.9,7.3,1.7,2004
Mammern,4826,25.4,26.0,34.8,10.5,3.3,2004
Märstetten,4941,29.0,26.8,33.0,8.7,2.5,2004
Matzingen,4591,28.7,26.0,34.0,8.7,2.6,2004
Müllheim,4831,29.2,24.7,34.8,8.2,3.1,2004
Münchwilen,4746,27.2,28.8,32.0,8.4,3.6,2004
Münsterlingen,4691,24.5,27.1,35.4,9.7,3.2,2004
Neunforn,4601,25.0,21.9,39.9,10.6,2.7,2004
Pfyn,4841,26.3,25.9,36.2,9.0,2.7,2004
Raperswilen,4846,30.1,20.8,35.5,11.2,2.4,2004
Rickenbach,4751,23.3,32.3,32.3,9.6,2.6,2004
Roggwil,4431,27.4,26.1,34.8,9.3,2.4,2004
Romanshorn,4436,23.4,24.8,33.4,12.6,5.9,2004
Salenstein,4851,19.5,22.6,41.0,12.1,4.8,2004
Salmsach,4441,24.6,26.7,37.4,8.4,3.0,2004
Schlatt,4546,27.4,25.8,34.3,9.1,3.4,2004
Schönholzerswilen,4756,30.8,26.5,26.7,11.9,4.1,2004
Sirnach,4761,25.3,27.7,34.3,9.3,3.4,2004
Sommeri ,4446,25.9,23.7,35.6,11.9,2.9,2004
Steckborn,4864,23.2,21.5,36.7,12.8,5.8,2004
Stettfurt,4606,28.7,24.7,37.1,6.5,3.1,2004
Sulgen,4506,27.6,26.0,32.6,9.6,4.1,2004
Tägerwilen,4696,25.7,25.7,34.7,10.0,3.9,2004
Thundorf,4611,26.9,24.9,35.8,8.9,3.5,2004
Tobel-Tägerschen,4776,27.6,27.9,33.9,8.3,2.3,2004
Uesslingen-Buch,4616,28.7,23.3,34.9,10.4,2.7,2004
Uttwil,4451,25.3,24.8,36.0,9.8,4.1,2004
Wagenhausen,4871,23.9,24.6,36.2,11.0,4.2,2004
Wäldi,4701,27.9,23.7,34.9,10.1,3.6,2004
Wängi,4781,26.8,26.4,33.6,9.4,3.7,2004
Warth-Weiningen,4621,25.5,21.0,41.7,9.5,2.3,2004
Weinfelden,4946,21.5,28.8,31.7,12.7,5.3,2004
Wigoltingen,4951,27.3,24.2,35.0,10.5,3.0,2004
Wilen,4786,29.0,26.1,33.3,8.5,3.1,2004
Wuppenau,4791,28.8,22.2,36.8,9.0,3.2,2004
Zihlschlacht-Sitterdorf,4511,29.5,24.8,33.2,9.0,3.6,2004
Aadorf*,4551,24.8,26.2,36.3,9.6,3.1,2005
Affeltrangen,4711,26.8,26.1,35.2,8.4,3.4,2005
Altnau,4641,27.7,23.5,38.4,8.1,2.4,2005
Amlikon-Bissegg*,4881,27.9,22.6,34.8,11.2,3.5,2005
Amriswil,4461,25.0,26.4,33.0,10.7,4.9,2005
Arbon,4401,21.6,26.2,33.7,12.9,5.5,2005
Basadingen-Schlattingen,4536,27.6,23.3,36.6,9.7,2.8,2005
Berg,4891,28.5,23.4,35.3,8.9,3.8,2005
Berlingen*,4801,17.9,19.1,43.1,13.9,6.1,2005
Bettwiesen,4716,28.0,25.4,35.2,8.9,2.6,2005
Bichelsee-Balterswil,4721,25.8,25.6,36.9,9.1,2.6,2005
Birwinken,4901,29.5,24.4,32.9,10.0,3.2,2005
Bischofszell,4471,25.0,26.6,32.4,10.6,5.3,2005
Bottighofen,4643,18.4,25.4,40.1,13.2,2.9,2005
Braunau,4723,29.7,28.0,32.5,7.9,1.9,2005
Bürglen,4911,24.5,27.9,34.6,9.0,4.0,2005
Bussnang,4921,28.4,24.4,34.1,9.6,3.6,2005
Diessenhofen,4545,22.2,28.2,36.1,10.5,3.0,2005
Dozwil*,4406,28.6,20.7,34.2,12.1,4.3,2005
Egnach,4411,27.9,25.4,33.7,9.2,3.8,2005
Erlen,4476,28.3,24.4,35.3,8.6,3.4,2005
Ermatingen,4646,21.0,24.4,36.2,13.1,5.2,2005
Eschenz,4806,24.3,23.0,36.6,11.7,4.4,2005
Eschlikon,4724,25.7,25.9,35.2,9.6,3.6,2005
Felben-Wellhausen,4561,26.4,28.2,35.9,7.1,2.4,2005
Fischingen,4726,27.6,24.6,34.1,9.4,4.2,2005
Frauenfeld,4566,21.5,28.2,34.9,10.6,4.7,2005
Gachnang,4571,26.7,26.2,38.2,7.0,1.9,2005
Gottlieben,4651,14.4,28.4,41.9,11.6,3.7,2005
Güttingen,4656,25.1,23.8,38.5,9.7,3.0,2005
Hauptwil-Gottshaus,4486,28.0,26.4,34.3,8.0,3.3,2005
Hefenhofen,4416,29.8,24.7,33.0,9.6,2.9,2005
Herdern,4811,27.8,24.9,36.4,8.0,2.9,2005
Hohentannen,4495,33.6,22.5,30.4,9.8,3.7,2005
Homburg,4816,28.2,22.4,37.4,9.3,2.7,2005
Horn,4421,21.6,25.9,34.8,11.9,5.8,2005
Hüttlingen,4590,26.8,25.9,37.9,7.1,2.3,2005
Hüttwilen,4821,26.3,22.7,37.0,10.1,3.9,2005
Kemmental,4666,27.7,23.7,35.4,9.5,3.7,2005
Kesswil,4426,24.6,24.1,34.8,13.4,3.1,2005
Kradolf-Schönenberg,4501,26.7,25.9,35.5,8.2,3.7,2005
Kreuzlingen,4671,19.9,29.2,34.4,12.1,4.4,2005
Langrickenbach,4681,29.3,24.6,33.5,8.3,4.3,2005
Lengwil,4683,26.2,24.5,38.0,8.7,2.5,2005
Lommis,4741,31.4,22.3,36.8,7.6,1.9,2005
Mammern,4826,24.9,25.4,35.8,10.5,3.4,2005
Märstetten,4941,28.6,25.9,34.3,8.4,2.8,2005
Matzingen,4591,27.1,25.9,36.1,8.1,2.8,2005
Müllheim,4831,28.4,24.5,35.4,8.6,3.1,2005
Münchwilen,4746,26.6,28.1,33.2,8.5,3.5,2005
Münsterlingen,4691,23.2,25.8,37.2,10.4,3.5,2005
Neunforn,4601,24.3,20.6,41.2,10.8,3.2,2005
Pfyn,4841,26.1,25.1,36.4,9.5,3.0,2005
Raperswilen,4846,28.4,19.6,35.8,13.0,3.2,2005
Rickenbach,4751,22.8,31.2,33.4,9.7,3.0,2005
Roggwil,4431,27.4,25.4,35.3,9.0,2.9,2005
Romanshorn,4436,22.7,24.7,34.2,12.6,5.9,2005
Salenstein,4851,18.3,23.5,42.3,11.1,4.8,2005
Salmsach,4441,24.9,26.4,37.1,8.3,3.4,2005
Schlatt,4546,26.4,26.0,35.0,9.2,3.3,2005
Schönholzerswilen,4756,30.6,25.9,27.8,11.7,3.9,2005
Sirnach,4761,25.2,27.3,34.3,9.5,3.7,2005
Sommeri,4446,25.0,24.4,35.6,11.8,3.2,2005
Steckborn,4864,22.6,21.9,37.1,12.7,5.7,2005
Stettfurt,4606,28.2,22.9,39.4,6.6,2.9,2005
Sulgen,4506,26.8,25.9,33.2,9.9,4.1,2005
Tägerwilen,4696,24.8,25.9,35.4,9.9,3.9,2005
Thundorf,4611,27.0,24.0,36.7,8.2,4.0,2005
Tobel-Tägerschen,4776,27.7,27.3,33.7,8.6,2.7,2005
Uesslingen-Buch,4616,28.1,22.7,35.4,11.2,2.5,2005
Uttwil,4451,25.1,24.1,36.3,10.3,4.2,2005
Wagenhausen,4871,23.6,24.1,37.1,11.1,4.1,2005
Wäldi,4701,26.6,22.3,37.1,10.8,3.2,2005
Wängi,4781,26.7,25.8,34.1,9.7,3.6,2005
Warth-Weiningen,4621,25.0,20.5,42.0,10.1,2.4,2005
Weinfelden,4946,21.3,28.2,32.2,12.8,5.6,2005
Wigoltingen,4951,25.8,24.7,35.9,10.4,3.2,2005
Wilen,4786,28.8,26.0,33.5,9.0,2.8,2005
Wuppenau,4791,27.9,24.3,35.5,9.5,2.8,2005
Zihlschlacht-Sitterdorf,4511,29.2,24.6,33.4,8.9,4.0,2005
Aadorf*,4551,24.4,25.7,36.7,9.9,3.2,2006
Affeltrangen,4711,25.4,26.1,36.3,8.3,3.9,2006
Altnau,4641,26.5,23.2,39.0,8.9,2.5,2006
Amlikon-Bissegg*,4881,28.0,21.6,36.2,10.7,3.4,2006
Amriswil,4461,24.7,26.1,33.4,11.0,4.9,2006
Arbon,4401,21.5,25.8,34.1,13.0,5.6,2006
Basadingen-Schlattingen,4536,26.7,23.1,37.0,10.2,2.9,2006
Berg,4891,27.7,23.3,36.0,9.0,3.9,2006
Berlingen*,4801,18.0,19.1,41.1,15.5,6.3,2006
Bettwiesen,4716,25.9,26.5,36.5,8.3,2.7,2006
Bichelsee-Balterswil,4721,25.5,24.8,37.2,9.3,3.1,2006
Birwinken,4901,28.9,24.4,33.5,9.5,3.7,2006
Bischofszell,4471,24.0,26.8,33.3,10.7,5.3,2006
Bottighofen,4643,17.5,24.4,41.6,13.7,2.8,2006
Braunau,4723,29.6,27.3,32.9,7.5,2.7,2006
Bürglen,4911,23.4,27.1,36.4,9.1,4.1,2006
Bussnang,4921,27.9,24.6,34.4,9.0,4.1,2006
Diessenhofen,4545,21.3,27.2,37.0,11.4,3.1,2006
Dozwil*,4406,27.1,20.7,34.9,12.2,5.2,2006
Egnach,4411,26.7,25.3,34.3,9.7,4.0,2006
Erlen,4476,27.5,24.9,35.6,9.0,3.1,2006
Ermatingen,4646,20.9,23.3,37.5,13.0,5.4,2006
Eschenz,4806,23.6,23.5,37.6,11.0,4.2,2006
Eschlikon,4724,25.3,25.8,35.8,9.6,3.4,2006
Felben-Wellhausen,4561,25.7,27.1,37.6,7.1,2.5,2006
Fischingen,4726,27.0,23.4,36.1,9.3,4.2,2006
Frauenfeld,4566,21.3,28.1,35.0,10.7,4.8,2006
Gachnang,4571,26.2,25.7,38.9,7.2,2.0,2006
Gottlieben,4651,14.9,29.7,40.2,11.5,3.7,2006
Güttingen,4656,25.5,23.4,37.9,10.2,2.9,2006
Hauptwil-Gottshaus,4486,27.6,26.1,35.1,8.1,3.1,2006
Hefenhofen,4416,29.9,21.9,35.5,9.9,2.9,2006
Herdern,4811,26.5,24.3,37.9,7.4,3.8,2006
Hohentannen,4495,32.1,22.2,31.8,9.9,4.0,2006
Homburg,4816,26.7,22.2,38.1,10.1,2.9,2006
Horn,4421,21.5,25.4,35.4,11.9,5.8,2006
Hüttlingen,4590,26.5,25.8,37.5,7.9,2.3,2006
Hüttwilen,4821,25.4,23.4,36.7,10.6,3.8,2006
Kemmental,4666,27.3,22.8,36.5,9.9,3.5,2006
Kesswil,4426,23.9,24.1,35.7,13.4,2.8,2006
Kradolf-Schönenberg,4501,26.0,25.5,36.3,8.4,3.7,2006
Kreuzlingen,4671,19.7,28.3,35.2,12.3,4.5,2006
Langrickenbach,4681,28.7,23.2,35.5,8.2,4.3,2006
Lengwil,4683,25.7,24.5,37.9,9.4,2.4,2006
Lommis,4741,30.9,19.9,39.3,7.6,2.2,2006
Mammern,4826,24.6,24.2,36.1,11.1,3.9,2006
Märstetten,4941,28.1,26.7,34.5,8.0,2.7,2006
Matzingen,4591,27.0,25.4,36.3,8.1,3.2,2006
Müllheim,4831,27.7,24.0,36.4,8.6,3.2,2006
Münchwilen,4746,26.6,27.6,33.7,8.6,3.5,2006
Münsterlingen,4691,23.0,24.7,38.1,10.8,3.4,2006
Neunforn,4601,23.4,20.0,41.9,10.8,3.9,2006
Pfyn,4841,25.2,24.7,37.5,9.1,3.5,2006
Raperswilen,4846,27.2,21.4,35.3,11.8,4.3,2006
Rickenbach,4751,22.1,30.8,34.1,10.1,2.9,2006
Roggwil,4431,26.7,24.6,36.8,9.0,3.0,2006
Romanshorn,4436,22.8,24.1,34.4,12.7,6.1,2006
Salenstein,4851,18.7,21.2,44.3,10.3,5.4,2006
Salmsach,4441,25.1,25.1,37.6,9.0,3.2,2006
Schlatt,4546,25.6,25.2,36.2,9.8,3.1,2006
Schönholzerswilen,4756,31.8,22.9,30.6,10.7,4.0,2006
Sirnach,4761,25.0,26.5,35.0,9.8,3.7,2006
Sommeri,4446,23.2,22.8,38.0,12.4,3.5,2006
Steckborn,4864,22.7,21.2,37.6,12.7,5.8,2006
Stettfurt,4606,27.9,23.3,39.3,6.4,3.1,2006
Sulgen,4506,26.1,25.5,33.8,10.2,4.5,2006
Tägerwilen,4696,24.8,24.6,36.7,10.2,3.7,2006
Thundorf,4611,27.6,22.9,37.1,8.3,4.1,2006
Tobel-Tägerschen,4776,26.6,28.4,33.6,8.5,2.8,2006
Uesslingen-Buch,4616,28.8,20.4,37.2,10.9,2.6,2006
Uttwil,4451,25.0,23.4,37.2,10.6,3.9,2006
Wagenhausen,4871,23.0,23.6,38.0,11.2,4.1,2006
Wäldi,4701,25.5,22.4,38.0,10.6,3.5,2006
Wängi,4781,25.9,25.4,35.0,10.0,3.7,2006
Warth-Weiningen,4621,22.9,21.5,42.7,10.2,2.8,2006
Weinfelden,4946,21.2,28.0,32.3,12.8,5.7,2006
Wigoltingen,4951,25.6,23.9,36.6,10.4,3.5,2006
Wilen,4786,29.0,24.9,34.6,8.8,2.8,2006
Wuppenau,4791,28.5,21.9,36.8,10.1,2.6,2006
Zihlschlacht-Sitterdorf,4511,27.0,26.0,34.5,8.4,4.1,2006
Aadorf,4551,23.9,25.0,37.6,10.2,3.3,2007
Affeltrangen,4711,25.4,25.7,36.7,8.6,3.6,2007
Altnau,4641,25.3,22.2,40.4,9.6,2.6,2007
Amlikon-Bissegg,4881,27.0,20.7,38.3,10.1,3.9,2007
Amriswil,4461,24.2,26.0,33.8,11.0,5.0,2007
Arbon,4401,21.1,25.9,34.4,12.9,5.6,2007
Basadingen-Schlattingen,4536,25.1,22.9,38.2,10.8,3.0,2007
Berg,4891,27.1,24.0,35.7,9.2,4.0,2007
Berlingen,4801,17.2,20.0,41.7,15.4,5.7,2007
Bettwiesen,4716,25.7,26.2,37.4,7.6,3.1,2007
Bichelsee-Balterswil,4721,24.6,23.3,38.7,10.0,3.3,2007
Birwinken,4901,36.9,25.1,24.2,10.0,3.8,2007
Bischofszell,4471,23.6,26.6,33.6,11.0,5.2,2007
Bottighofen,4643,17.2,23.5,42.3,13.9,3.1,2007
Braunau,4723,28.1,27.8,34.0,7.4,2.7,2007
Bürglen,4911,23.1,26.2,37.3,9.3,4.1,2007
Bussnang,4921,28.1,24.2,34.4,9.2,4.1,2007
Diessenhofen,4545,20.9,26.9,37.2,11.8,3.1,2007
Dozwil,4406,26.8,21.0,35.0,11.6,5.6,2007
Egnach,4411,26.0,25.1,35.1,9.9,4.0,2007
Erlen,4476,26.9,24.1,36.6,9.1,3.2,2007
Ermatingen,4646,20.0,23.1,38.0,13.4,5.5,2007
Eschenz,4806,22.3,23.7,38.0,12.0,4.0,2007
Eschlikon,4724,24.9,25.4,36.7,9.7,3.3,2007
Felben-Wellhausen,4561,24.6,26.6,38.9,7.3,2.6,2007
Fischingen,4726,25.6,23.6,37.0,9.3,4.5,2007
Frauenfeld,4566,21.0,28.2,35.1,11.1,4.7,2007
Gachnang,4571,25.9,24.5,40.1,7.6,2.0,2007
Gottlieben,4651,15.6,25.6,41.9,12.5,4.4,2007
Güttingen,4656,25.6,22.4,38.0,11.1,2.9,2007
Hauptwil-Gottshaus,4486,27.0,25.9,36.3,7.8,3.0,2007
Hefenhofen,4416,28.8,22.1,36.3,9.6,3.2,2007
Herdern,4811,26.6,23.3,38.5,8.0,3.6,2007
Hohentannen,4495,32.5,22.1,32.0,9.2,4.3,2007
Homburg,4816,25.3,23.6,38.0,9.5,3.7,2007
Horn,4421,21.0,25.6,35.5,11.7,6.1,2007
Hüttlingen,4590,26.4,25.4,37.0,8.6,2.5,2007
Hüttwilen,4821,24.4,23.6,37.2,10.6,4.2,2007
Kemmental,4666,26.5,23.3,37.1,9.5,3.7,2007
Kesswil,4426,23.1,22.6,36.9,14.1,3.3,2007
Kradolf-Schönenberg,4501,25.3,25.6,36.7,8.8,3.5,2007
Kreuzlingen,4671,19.5,28.4,35.4,12.4,4.3,2007
Langrickenbach,4681,28.5,23.3,36.1,7.6,4.5,2007
Lengwil,4683,25.9,23.1,39.3,9.3,2.4,2007
Lommis,4741,29.6,19.5,40.8,8.1,2.0,2007
Mammern,4826,23.9,24.8,37.3,10.1,3.9,2007
Märstetten,4941,28.0,25.7,35.3,8.0,3.0,2007
Matzingen,4591,26.1,25.2,37.2,8.4,3.1,2007
Müllheim,4831,27.1,23.6,36.9,9.2,3.2,2007
Münchwilen,4746,26.7,26.6,34.2,8.7,3.8,2007
Münsterlingen,4691,22.2,25.8,37.7,11.1,3.1,2007
Neunforn,4601,21.7,19.7,43.2,10.8,4.6,2007
Pfyn,4841,25.4,24.9,37.5,8.4,3.8,2007
Raperswilen,4846,25.9,22.2,36.8,10.6,4.5,2007
Rickenbach,4751,20.6,31.2,35.0,10.5,2.8,2007
Roggwil,4431,26.4,23.9,37.7,8.6,3.3,2007
Romanshorn,4436,22.2,24.0,34.8,12.8,6.2,2007
Salenstein,4851,18.8,20.7,44.9,10.6,5.0,2007
Salmsach,4441,24.3,25.1,37.6,10.2,2.8,2007
Schlatt,4546,25.9,24.4,36.3,10.1,3.4,2007
Schönholzerswilen,4756,31.0,22.9,31.7,10.8,3.6,2007
Sirnach,4761,24.3,26.5,35.6,9.8,3.8,2007
Sommeri,4446,23.3,23.7,37.2,12.7,3.0,2007
Steckborn,4864,22.1,20.9,38.5,12.4,6.0,2007
Stettfurt,4606,27.6,21.9,40.9,6.7,2.9,2007
Sulgen,4506,24.7,25.4,34.8,10.3,4.8,2007
Tägerwilen,4696,24.5,23.8,37.3,10.7,3.7,2007
Thundorf,4611,27.7,23.5,36.8,8.1,4.0,2007
Tobel-Tägerschen,4776,26.4,27.2,34.5,8.9,3.1,2007
Uesslingen-Buch,4616,27.2,20.2,39.2,10.3,3.1,2007
Uttwil,4451,25.2,22.8,37.7,10.3,4.1,2007
Wagenhausen,4871,22.7,24.2,37.3,11.8,4.0,2007
Wäldi,4701,24.4,23.1,38.8,10.4,3.3,2007
Wängi,4781,25.2,25.3,35.8,10.0,3.7,2007
Warth-Weiningen,4621,22.1,21.4,42.8,11.3,2.4,2007
Weinfelden,4946,21.3,28.0,32.5,12.7,5.6,2007
Wigoltingen,4951,25.0,23.1,37.8,10.5,3.6,2007
Wilen,4786,28.9,24.1,35.2,9.0,2.8,2007
Wuppenau,4791,28.0,22.0,36.5,10.9,2.6,2007
Zihlschlacht-Sitterdorf,4511,25.9,26.5,34.5,9.2,3.9,2007
Aadorf,4551,23.3,25.2,37.8,10.4,3.3,2008
Affeltrangen,4711,25.2,25.3,37.4,9.0,3.1,2008
Altnau,4641,25.4,22.7,39.5,9.7,2.6,2008
Amlikon-Bissegg,4881,26.1,21.1,38.7,10.6,3.5,2008
Amriswil,4461,23.5,26.8,33.9,11.0,4.8,2008
Arbon,4401,20.7,25.9,34.9,12.9,5.6,2008
Basadingen-Schlattingen,4536,26.0,19.7,39.9,10.9,3.6,2008
Berg,4891,26.8,23.0,36.3,9.9,3.9,2008
Berlingen,4801,16.6,21.3,41.9,15.2,4.9,2008
Bettwiesen,4716,24.0,25.9,38.6,7.9,3.5,2008
Bichelsee-Balterswil,4721,24.5,23.4,38.6,10.1,3.4,2008
Birwinken,4901,28.5,21.3,35.9,9.8,4.4,2008
Bischofszell,4471,23.1,26.4,34.1,11.4,5.1,2008
Bottighofen,4643,17.2,23.4,42.6,13.5,3.3,2008
Braunau,4723,29.0,25.1,35.5,7.9,2.5,2008
Bürglen,4911,21.7,27.2,37.6,9.3,4.1,2008
Bussnang,4921,26.9,25.2,34.7,8.9,4.3,2008
Diessenhofen,4545,20.7,27.5,36.7,11.9,3.3,2008
Dozwil,4406,26.0,20.6,35.3,12.4,5.8,2008
Egnach,4411,25.7,24.8,35.7,9.8,4.0,2008
Erlen,4476,25.4,25.1,37.0,9.2,3.3,2008
Ermatingen,4646,19.4,23.7,38.1,13.2,5.6,2008
Eschenz,4806,22.2,23.4,38.0,12.4,3.9,2008
Eschlikon,4724,23.9,25.8,37.0,9.9,3.3,2008
Felben-Wellhausen,4561,23.9,26.0,39.5,7.8,2.7,2008
Fischingen,4726,24.8,23.1,37.9,9.4,4.7,2008
Frauenfeld,4566,20.4,28.4,35.3,11.3,4.7,2008
Gachnang,4571,25.5,24.0,40.6,7.8,2.1,2008
Gottlieben,4651,15.5,22.2,43.4,14.9,4.1,2008
Güttingen,4656,25.1,21.8,38.9,10.9,3.2,2008
Hauptwil-Gottshaus,4486,25.7,27.0,36.7,7.5,3.2,2008
Hefenhofen,4416,27.7,20.8,38.5,9.6,3.4,2008
Herdern,4811,25.7,23.3,39.3,7.7,4.1,2008
Hohentannen,4495,31.1,21.1,34.5,8.7,4.5,2008
Homburg,4816,25.3,23.3,37.3,10.6,3.5,2008
Horn,4421,20.1,25.5,36.5,12.3,5.7,2008
Hüttlingen,4590,24.9,25.7,37.6,9.3,2.5,2008
Hüttwilen,4821,24.2,23.4,37.5,11.1,3.7,2008
Kemmental,4666,26.1,22.5,37.8,9.8,3.9,2008
Kesswil,4426,23.1,21.9,37.9,13.5,3.6,2008
Kradolf-Schönenberg,4501,24.7,25.8,37.7,8.4,3.3,2008
Kreuzlingen,4671,19.2,28.2,35.8,12.6,4.3,2008
Langrickenbach,4681,26.9,23.0,38.4,7.8,3.9,2008
Lengwil,4683,24.6,24.1,39.5,9.1,2.7,2008
Lommis,4741,28.8,18.9,41.4,8.4,2.4,2008
Mammern,4826,25.5,21.8,38.3,10.9,3.5,2008
Märstetten,4941,27.3,25.3,36.3,8.3,2.9,2008
Matzingen,4591,25.4,26.1,37.1,8.4,3.0,2008
Müllheim,4831,26.1,23.4,38.0,9.1,3.4,2008
Münchwilen,4746,25.7,26.5,35.2,8.7,3.9,2008
Münsterlingen,4691,21.7,25.2,38.8,11.1,3.2,2008
Neunforn,4601,20.3,20.7,42.4,11.7,4.9,2008
Pfyn,4841,24.9,25.4,37.5,8.6,3.7,2008
Raperswilen,4846,25.5,21.8,37.4,10.6,4.7,2008
Rickenbach,4751,20.5,31.3,34.8,10.7,2.7,2008
Roggwil,4431,26.3,23.9,37.7,8.7,3.5,2008
Romanshorn,4436,21.4,24.4,35.2,12.9,6.1,2008
Salenstein,4851,17.9,21.3,45.3,10.9,4.7,2008
Salmsach,4441,23.8,25.8,37.6,10.2,2.6,2008
Schlatt,4546,25.1,22.5,38.8,10.2,3.4,2008
Schönholzerswilen,4756,30.6,23.5,32.3,10.1,3.5,2008
Sirnach,4761,24.1,26.4,35.8,9.9,3.8,2008
Sommeri,4446,22.7,24.7,37.2,11.2,4.3,2008
Steckborn,4864,21.6,21.1,38.6,12.9,5.8,2008
Stettfurt,4606,27.8,20.4,41.2,7.8,2.9,2008
Sulgen,4506,24.4,25.6,34.6,10.6,4.9,2008
Tägerwilen,4696,24.1,24.1,37.4,10.9,3.6,2008
Thundorf,4611,26.6,23.7,38.0,8.2,3.5,2008
Tobel-Tägerschen,4776,27.1,25.7,35.1,9.2,2.8,2008
Uesslingen-Buch,4616,25.7,20.1,40.2,11.0,3.1,2008
Uttwil,4451,24.6,23.1,37.8,10.7,3.9,2008
Wagenhausen,4871,21.6,24.7,38.2,11.8,3.7,2008
Wäldi,4701,23.3,25.1,38.4,9.8,3.5,2008
Wängi,4781,25.1,24.5,36.7,10.0,3.7,2008
Warth-Weiningen,4621,19.5,21.4,43.2,12.7,3.2,2008
Weinfelden,4946,20.7,28.5,32.6,12.7,5.6,2008
Wigoltingen,4951,22.8,23.9,39.3,10.3,3.7,2008
Wilen,4786,29.1,23.1,35.5,9.4,2.9,2008
Wuppenau,4791,27.8,22.7,35.7,11.2,2.6,2008
Zihlschlacht-Sitterdorf,4511,26.3,25.2,35.5,9.3,3.6,2008
Aadorf,4551,22.8,25.0,38.2,10.6,3.4,2009
Affeltrangen,4711,24.8,25.5,37.3,9.2,3.1,2009
Altnau,4641,24.9,22.2,40.1,10.2,2.5,2009
Amlikon-Bissegg,4881,26.5,22.0,38.3,9.3,3.9,2009
Amriswil,4461,23.1,27.1,33.9,11.0,4.9,2009
Arbon,4401,20.2,26.0,35.0,13.2,5.6,2009
Basadingen-Schlattingen,4536,23.8,21.8,40.2,10.4,3.8,2009
Berg,4891,26.3,23.0,36.8,10.0,3.9,2009
Berlingen,4801,15.3,21.6,43.3,14.9,5.0,2009
Bettwiesen,4716,23.2,26.2,39.1,7.9,3.6,2009
Bichelsee-Balterswil,4721,23.7,23.2,38.9,10.5,3.8,2009
Birwinken,4901,27.8,20.7,37.0,10.0,4.6,2009
Bischofszell,4471,22.5,26.2,34.6,11.5,5.2,2009
Bottighofen,4643,17.4,22.3,42.8,13.9,3.6,2009
Braunau,4723,29.4,23.6,35.2,9.5,2.4,2009
Bürglen,4911,21.7,28.0,36.8,9.6,4.0,2009
Bussnang,4921,26.0,25.0,35.2,9.2,4.6,2009
Diessenhofen,4545,20.5,26.9,36.4,12.8,3.4,2009
Dozwil,4406,27.1,22.5,32.6,12.3,5.4,2009
Egnach,4411,25.4,24.5,36.1,10.3,3.8,2009
Erlen,4476,24.6,25.5,37.4,9.4,3.2,2009
Ermatingen,4646,19.8,22.3,39.1,13.3,5.4,2009
Eschenz,4806,22.0,23.7,37.9,12.6,3.8,2009
Eschlikon,4724,23.7,25.1,37.6,10.0,3.5,2009
Felben-Wellhausen,4561,23.8,25.9,39.7,7.9,2.8,2009
Fischingen,4726,24.1,21.9,39.4,9.6,5.0,2009
Frauenfeld,4566,20.2,28.5,35.3,11.4,4.7,2009
Gachnang,4571,25.0,24.3,40.2,8.4,2.1,2009
Gottlieben,4651,16.5,18.1,47.6,14.9,2.9,2009
Güttingen,4656,24.6,21.5,39.3,11.1,3.6,2009
Hauptwil-Gottshaus,4486,25.4,27.2,36.9,7.4,3.1,2009
Hefenhofen,4416,27.6,20.8,38.8,9.3,3.5,2009
Herdern,4811,25.5,23.2,39.6,7.5,4.2,2009
Hohentannen,4495,31.4,19.1,36.1,8.9,4.6,2009
Homburg,4816,24.7,23.2,37.9,10.0,4.1,2009
Horn,4421,20.1,24.8,37.2,12.2,5.7,2009
Hüttlingen,4590,24.8,24.8,38.6,9.4,2.3,2009
Hüttwilen,4821,24.1,22.4,39.1,10.8,3.5,2009
Kemmental,4666,25.1,22.1,39.5,9.6,3.8,2009
Kesswil,4426,22.1,22.4,36.8,14.6,4.1,2009
Kradolf-Schönenberg,4501,23.8,26.4,37.8,8.5,3.4,2009
Kreuzlingen,4671,18.8,28.2,35.9,12.7,4.4,2009
Langrickenbach,4681,27.3,20.8,39.9,7.8,4.2,2009
Lengwil,4683,24.4,25.5,38.0,9.7,2.4,2009
Lommis,4741,28.4,20.0,41.0,8.5,2.2,2009
Mammern,4826,24.5,23.3,38.0,11.1,3.1,2009
Märstetten,4941,26.7,25.1,36.7,8.7,2.8,2009
Matzingen,4591,24.8,25.8,37.0,8.9,3.4,2009
Müllheim,4831,25.6,23.8,38.0,9.2,3.3,2009
Münchwilen,4746,25.4,26.4,35.3,9.1,3.8,2009
Münsterlingen,4691,21.1,25.2,38.7,11.8,3.2,2009
Neunforn,4601,20.1,22.1,41.3,11.5,5.1,2009
Pfyn,4841,23.8,25.1,38.5,8.6,4.0,2009
Raperswilen,4846,23.9,22.1,39.1,10.4,4.5,2009
Rickenbach,4751,20.2,30.8,35.5,10.5,3.0,2009
Roggwil,4431,26.7,22.2,39.0,8.7,3.5,2009
Romanshorn,4436,20.8,24.8,35.2,12.9,6.3,2009
Salenstein,4851,17.2,21.1,45.5,11.7,4.5,2009
Salmsach,4441,21.6,26.8,38.1,10.6,2.9,2009
Schlatt,4546,24.6,22.2,39.0,10.6,3.6,2009
Schönholzerswilen,4756,31.2,21.2,33.8,10.3,3.6,2009
Sirnach,4761,23.8,26.1,36.2,10.2,3.7,2009
Sommeri,4446,23.0,23.9,37.6,10.8,4.6,2009
Steckborn,4864,20.7,20.9,38.9,13.5,5.9,2009
Stettfurt,4606,27.5,20.1,41.5,7.6,3.3,2009
Sulgen,4506,23.5,25.6,34.6,11.0,5.3,2009
Tägerwilen,4696,23.5,23.8,38.0,10.9,3.7,2009
Thundorf,4611,25.8,22.4,39.5,8.4,3.9,2009
Tobel-Tägerschen,4776,25.5,26.7,35.7,9.7,2.4,2009
Uesslingen-Buch,4616,25.1,20.9,40.2,10.8,2.9,2009
Uttwil,4451,23.9,22.9,38.5,10.8,3.9,2009
Wagenhausen,4871,21.1,23.9,39.1,12.0,3.8,2009
Wäldi,4701,22.2,26.1,39.3,8.6,3.8,2009
Wängi,4781,25.0,23.3,37.6,10.5,3.6,2009
Warth-Weiningen,4621,20.7,21.6,42.7,12.1,2.9,2009
Weinfelden,4946,20.3,28.6,32.6,12.7,5.8,2009
Wigoltingen,4951,22.5,23.1,39.9,10.7,3.8,2009
Wilen,4786,28.2,22.1,36.5,10.3,2.9,2009
Wuppenau,4791,26.8,23.5,35.9,11.0,2.7,2009
Zihlschlacht-Sitterdorf,4511,25.8,25.1,36.3,9.3,3.6,2009
Aadorf ,4551,22.3,24.8,38.3,10.8,3.7,2010
Affeltrangen,4711,24.6,25.2,37.5,9.3,3.4,2010
Altnau,4641,24.7,21.1,40.5,11.1,2.6,2010
Amlikon-Bissegg,4881,25.0,21.8,39.2,9.8,4.1,2010
Amriswil,4461,22.6,27.5,33.8,11.1,5.0,2010
Arbon,4401,19.7,26.0,35.4,13.3,5.7,2010
Basadingen-Schlattingen,4536,23.6,21.0,40.6,10.8,4.0,2010
Berg,4891,26.1,22.5,37.2,10.5,3.7,2010
Berlingen ,4801,14.5,19.7,45.0,15.7,5.1,2010
Bettwiesen,4716,23.3,25.3,39.8,7.9,3.7,2010
Bichelsee-Balterswil,4721,23.8,23.1,38.4,10.9,3.7,2010
Birwinken,4901,27.3,20.3,38.1,10.2,4.2,2010
Bischofszell,4471,22.5,25.5,35.1,11.7,5.1,2010
Bottighofen,4643,17.8,21.6,41.7,15.1,3.9,2010
Braunau,4723,28.5,22.8,36.5,9.5,2.8,2010
Bürglen,4911,20.8,28.4,37.3,9.6,3.8,2010
Bussnang ,4921,25.5,25.5,35.2,9.4,4.4,2010
Diessenhofen,4545,20.3,26.9,36.3,13.0,3.5,2010
Dozwil,4406,26.7,23.6,32.2,12.0,5.5,2010
Egnach,4411,24.8,24.6,36.5,10.1,4.0,2010
Erlen,4476,24.0,26.4,37.3,9.2,3.1,2010
Ermatingen,4646,20.0,21.2,39.8,13.8,5.2,2010
Eschenz,4806,21.2,22.8,38.7,13.3,4.0,2010
Eschlikon,4724,22.9,25.1,37.9,10.6,3.5,2010
Felben-Wellhausen,4561,23.5,26.6,39.0,7.8,3.0,2010
Fischingen,4726,23.5,21.8,39.6,10.2,4.9,2010
Frauenfeld,4566,19.6,28.7,35.3,11.6,4.8,2010
Gachnang,4571,24.9,23.4,40.5,9.1,2.1,2010
Gottlieben,4651,16.3,17.6,48.5,13.7,3.9,2010
Güttingen,4656,23.8,21.2,40.1,10.9,4.0,2010
Hauptwil-Gottshaus,4486,26.2,26.1,37.2,7.4,3.1,2010
Hefenhofen,4416,25.5,22.3,39.1,9.6,3.5,2010
Herdern ,4811,26.0,22.4,38.9,8.9,3.9,2010
Hohentannen,4495,29.6,19.0,38.7,8.4,4.3,2010
Homburg,4816,23.9,23.0,38.4,10.8,4.0,2010
Horn,4421,19.9,24.7,36.9,12.7,5.8,2010
Hüttlingen,4590,24.4,24.1,39.5,9.7,2.3,2010
Hüttwilen,4821,24.0,22.0,39.7,10.4,3.9,2010
Kemmental,4666,24.7,22.7,39.3,9.7,3.6,2010
Kesswil,4426,21.4,23.4,36.5,14.2,4.5,2010
Kradolf-Schönenberg,4501,23.2,26.3,38.0,8.8,3.7,2010
Kreuzlingen,4671,18.5,28.4,36.2,12.7,4.2,2010
Langrickenbach,4681,26.9,20.1,41.0,8.1,3.8,2010
Lengwil,4683,24.7,24.2,39.3,9.3,2.6,2010
Lommis,4741,27.2,19.7,42.1,8.6,2.3,2010
Mammern,4826,22.8,23.6,39.4,10.6,3.6,2010
Märstetten,4941,26.0,24.8,37.2,9.2,2.9,2010
Matzingen,4591,25.3,25.7,36.7,8.9,3.4,2010
Müllheim,4831,25.2,24.1,37.7,9.7,3.3,2010
Münchwilen,4746,25.0,25.9,36.1,9.2,3.7,2010
Münsterlingen,4691,20.7,24.7,39.2,12.1,3.3,2010
Neunforn,4601,19.6,21.2,41.6,12.4,5.2,2010
Pfyn,4841,22.6,25.7,39.1,8.6,4.0,2010
Raperswilen,4846,22.7,21.5,39.9,11.1,4.8,2010
Rickenbach,4751,19.5,30.7,35.5,11.1,3.2,2010
Roggwil,4431,26.2,21.5,39.4,9.3,3.6,2010
Romanshorn,4436,20.5,24.6,35.5,13.2,6.3,2010
Salenstein,4851,17.2,21.0,45.5,11.3,5.0,2010
Salmsach,4441,22.4,25.4,38.1,11.4,2.6,2010
Schlatt,4546,23.9,21.4,40.7,10.2,3.8,2010
Schönholzerswilen,4756,30.1,20.8,35.2,10.7,3.3,2010
Sirnach,4761,23.3,26.3,36.4,10.3,3.6,2010
Sommeri ,4446,21.1,24.8,38.4,11.0,4.7,2010
Steckborn,4864,20.5,21.7,38.5,13.3,5.9,2010
Stettfurt,4606,26.4,20.7,41.7,7.7,3.4,2010
Sulgen,4506,22.9,25.4,35.1,11.2,5.4,2010
Tägerwilen,4696,23.1,24.3,37.7,11.4,3.4,2010
Thundorf,4611,24.2,23.4,39.9,8.6,3.9,2010
Tobel-Tägerschen,4776,24.1,28.0,35.2,10.1,2.6,2010
Uesslingen-Buch,4616,23.5,21.6,40.2,11.5,3.2,2010
Uttwil,4451,22.7,23.8,38.2,11.5,3.8,2010
Wagenhausen,4871,21.1,22.5,41.0,11.9,3.5,2010
Wäldi,4701,22.4,22.7,41.4,9.7,3.7,2010
Wängi,4781,25.0,22.7,38.2,10.3,3.8,2010
Warth-Weiningen,4621,19.8,22.3,42.3,12.2,3.4,2010
Weinfelden,4946,19.5,28.9,32.8,12.7,5.9,2010
Wigoltingen,4951,22.4,22.7,40.0,11.0,3.9,2010
Wilen,4786,28.0,21.3,37.1,10.7,2.9,2010
Wuppenau,4791,27.2,22.6,36.0,11.1,3.0,2010
Zihlschlacht-Sitterdorf,4511,25.5,25.3,36.0,9.9,3.4,2010
Aadorf ,4551,21.8,25.0,38.5,11.0,3.8,2011
Affeltrangen,4711,23.7,25.4,38.1,9.5,3.4,2011
Altnau,4641,24.6,21.9,39.9,10.9,2.7,2011
Amlikon-Bissegg,4881,23.8,22.5,39.4,10.5,3.9,2011
Amriswil,4461,22.0,27.7,33.9,11.3,5.1,2011
Arbon,4401,19.2,26.0,35.6,13.6,5.6,2011
Basadingen-Schlattingen,4536,23.4,20.4,41.1,11.5,3.6,2011
Berg,4891,25.7,22.0,38.1,10.4,3.8,2011
Berlingen ,4801,13.8,18.4,44.1,18.2,5.5,2011
Bettwiesen,4716,22.8,25.0,41.1,7.2,3.9,2011
Bichelsee-Balterswil,4721,24.0,22.8,38.2,11.5,3.5,2011
Birwinken,4901,25.4,20.0,39.4,10.3,4.9,2011
Bischofszell,4471,22.4,25.4,35.1,12.0,5.1,2011
Bottighofen,4643,18.1,20.7,41.4,15.8,4.1,2011
Braunau,4723,28.5,23.1,35.6,10.5,2.4,2011
Bürglen,4911,20.5,28.5,37.2,9.7,4.0,2011
Bussnang ,4921,25.2,26.4,35.0,9.3,4.2,2011
Diessenhofen,4545,19.8,26.4,36.5,13.9,3.5,2011
Dozwil,4406,28.2,23.2,32.0,11.5,5.1,2011
Egnach,4411,23.8,24.7,37.1,10.6,3.8,2011
Erlen,4476,24.2,25.9,36.9,9.6,3.3,2011
Ermatingen,4646,19.4,21.5,40.1,13.9,5.2,2011
Eschenz,4806,19.7,23.8,38.8,13.4,4.2,2011
Eschlikon,4724,22.2,25.2,37.9,11.2,3.6,2011
Felben-Wellhausen,4561,22.5,26.6,39.3,8.5,3.0,2011
Fischingen,4726,23.4,20.9,40.1,10.9,4.7,2011
Frauenfeld,4566,19.4,29.1,34.8,11.9,4.8,2011
Gachnang,4571,24.9,23.1,40.3,9.8,2.0,2011
Gottlieben,4651,14.9,20.3,46.7,13.7,4.4,2011
Güttingen,4656,22.6,21.6,40.0,11.7,4.1,2011
Hauptwil-Gottshaus,4486,24.9,26.3,38.2,7.5,3.1,2011
Hefenhofen,4416,24.6,22.2,40.3,9.2,3.7,2011
Herdern ,4811,24.8,21.4,41.1,8.9,3.8,2011
Hohentannen,4495,28.8,21.4,37.4,7.8,4.7,2011
Homburg,4816,22.7,23.1,39.3,10.8,4.1,2011
Horn,4421,19.7,24.2,37.4,13.0,5.7,2011
Hüttlingen,4590,23.0,24.7,39.9,9.8,2.6,2011
Hüttwilen,4821,24.1,23.0,38.5,10.8,3.6,2011
Kemmental,4666,23.9,22.5,39.6,10.7,3.4,2011
Kesswil,4426,21.4,21.6,37.7,14.4,4.9,2011
Kradolf-Schönenberg,4501,22.3,27.1,38.3,8.3,4.0,2011
Kreuzlingen,4671,18.1,28.6,36.2,12.8,4.3,2011
Langrickenbach,4681,25.1,22.2,40.4,8.5,3.9,2011
Lengwil,4683,24.7,24.3,38.8,9.5,2.8,2011
Lommis,4741,26.2,20.4,42.4,8.6,2.4,2011
Mammern,4826,21.7,23.9,40.6,10.3,3.5,2011
Märstetten,4941,25.7,24.8,37.1,9.6,2.7,2011
Matzingen,4591,24.4,26.5,36.4,9.0,3.6,2011
Müllheim,4831,25.0,23.2,38.4,10.4,3.0,2011
Münchwilen,4746,24.4,26.0,36.3,9.7,3.7,2011
Münsterlingen,4691,20.7,24.6,38.9,12.5,3.3,2011
Neunforn,4601,18.2,20.8,42.6,12.9,5.4,2011
Pfyn,4841,22.7,25.8,39.2,8.8,3.6,2011
Raperswilen,4846,21.4,19.5,43.1,11.0,5.0,2011
Rickenbach,4751,19.4,30.5,35.7,11.2,3.2,2011
Roggwil,4431,26.1,22.0,38.7,9.7,3.5,2011
Romanshorn,4436,19.6,25.8,35.1,13.3,6.3,2011
Salenstein,4851,16.8,20.6,45.6,12.0,4.9,2011
Salmsach,4441,22.1,26.3,37.0,11.9,2.8,2011
Schlatt,4546,24.3,20.3,41.5,10.2,3.8,2011
Schönholzerswilen,4756,29.0,21.9,34.7,10.7,3.7,2011
Sirnach,4761,22.6,26.7,36.5,10.6,3.6,2011
Sommeri ,4446,20.2,25.8,38.6,11.3,4.1,2011
Steckborn,4864,19.8,22.1,38.3,14.3,5.5,2011
Stettfurt,4606,26.0,19.3,43.1,8.0,3.5,2011
Sulgen,4506,22.0,26.6,35.1,11.2,5.2,2011
Tägerwilen,4696,23.0,23.8,38.2,11.4,3.7,2011
Thundorf,4611,24.4,23.4,39.1,8.8,4.2,2011
Tobel-Tägerschen,4776,24.3,26.0,36.6,10.0,3.0,2011
Uesslingen-Buch,4616,23.3,22.9,39.2,11.2,3.4,2011
Uttwil,4451,22.8,23.2,37.8,12.6,3.6,2011
Wagenhausen,4871,20.9,23.4,39.2,12.9,3.6,2011
Wäldi,4701,21.4,22.4,41.5,10.4,4.2,2011
Wängi,4781,24.4,23.3,38.2,10.4,3.6,2011
Warth-Weiningen,4621,19.8,22.1,42.3,12.1,3.7,2011
Weinfelden,4946,19.5,28.8,32.8,12.9,6.0,2011
Wigoltingen,4951,21.5,22.3,41.1,10.9,4.3,2011
Wilen,4786,27.3,21.6,37.2,10.9,3.0,2011
Wuppenau,4791,26.6,23.8,35.7,11.0,2.9,2011
Zihlschlacht-Sitterdorf,4511,25.0,24.9,36.8,9.8,3.5,2011
Aadorf ,4551,21.1,25.3,38.4,11.3,3.8,2012
Affeltrangen,4711,23.9,25.5,37.3,9.8,3.5,2012
Altnau,4641,24.0,22.2,39.6,11.3,2.9,2012
Amlikon-Bissegg,4881,23.0,22.9,39.1,10.7,4.3,2012
Amriswil,4461,21.4,28.4,33.8,11.3,5.1,2012
Arbon,4401,19.0,26.2,35.3,13.9,5.6,2012
Basadingen-Schlattingen,4536,23.2,19.3,42.3,11.5,3.6,2012
Berg,4891,25.5,22.2,37.5,11.1,3.8,2012
Berlingen ,4801,13.4,18.9,43.5,19.1,5.1,2012
Bettwiesen,4716,21.8,26.7,40.6,7.0,3.9,2012
Bichelsee-Balterswil,4721,23.9,22.8,37.9,11.9,3.6,2012
Birwinken,4901,24.7,21.9,38.9,10.1,4.4,2012
Bischofszell,4471,21.8,25.6,35.2,12.2,5.2,2012
Bottighofen,4643,18.0,21.1,40.3,16.2,4.4,2012
Braunau,4723,27.0,23.8,35.6,11.0,2.7,2012
Bürglen,4911,21.0,28.6,36.2,10.0,4.1,2012
Bussnang ,4921,22.4,26.6,36.3,10.1,4.6,2012
Diessenhofen,4545,19.4,26.8,36.0,14.0,3.6,2012
Dozwil,4406,27.0,23.9,31.8,12.1,5.2,2012
Egnach,4411,23.2,24.8,37.0,10.9,4.1,2012
Erlen,4476,23.7,26.9,36.3,10.0,3.1,2012
Ermatingen,4646,18.8,21.8,40.4,13.6,5.5,2012
Eschenz,4806,19.5,23.8,38.9,13.7,4.2,2012
Eschlikon,4724,21.6,25.9,37.5,11.0,3.9,2012
Felben-Wellhausen,4561,22.8,26.6,38.5,9.1,2.9,2012
Fischingen,4726,23.0,21.5,39.9,11.0,4.5,2012
Frauenfeld,4566,19.2,29.4,34.5,12.0,4.9,2012
Gachnang,4571,24.0,22.7,40.9,10.4,2.0,2012
Gottlieben,4651,16.1,18.8,47.3,14.7,3.1,2012
Güttingen,4656,22.1,22.6,39.5,12.1,3.7,2012
Hauptwil-Gottshaus,4486,24.2,27.3,37.6,7.6,3.3,2012
Hefenhofen,4416,24.1,23.9,39.6,9.1,3.4,2012
Herdern ,4811,25.2,20.0,41.7,8.7,4.4,2012
Hohentannen,4495,27.5,21.7,37.9,7.9,5.0,2012
Homburg,4816,22.4,22.8,38.7,11.8,4.4,2012
Horn,4421,19.2,24.4,37.3,13.6,5.4,2012
Hüttlingen,4590,22.0,26.0,38.8,10.3,2.9,2012
Hüttwilen,4821,23.6,22.2,39.2,11.0,3.9,2012
Kemmental,4666,23.3,22.2,39.7,11.0,3.8,2012
Kesswil,4426,21.2,20.7,39.3,13.9,5.0,2012
Kradolf-Schönenberg,4501,21.8,26.1,39.5,8.5,4.1,2012
Kreuzlingen,4671,17.9,28.9,35.8,13.0,4.3,2012
Langrickenbach,4681,24.8,23.0,40.2,8.3,3.8,2012
Lengwil,4683,24.4,23.2,39.6,9.8,2.9,2012
Lommis,4741,24.8,22.1,41.8,8.7,2.6,2012
Mammern,4826,20.8,26.2,39.7,9.9,3.4,2012
Märstetten,4941,24.3,24.8,38.0,10.0,2.8,2012
Matzingen,4591,23.6,26.7,37.1,9.0,3.6,2012
Müllheim,4831,24.4,23.0,38.9,10.9,2.8,2012
Münchwilen,4746,23.4,26.9,36.2,10.0,3.4,2012
Münsterlingen,4691,20.2,24.8,39.5,12.2,3.3,2012
Neunforn,4601,18.4,19.3,42.0,14.9,5.5,2012
Pfyn,4841,22.3,25.3,40.2,9.2,3.0,2012
Raperswilen,4846,20.6,20.1,42.2,12.2,5.0,2012
Rickenbach,4751,19.1,30.7,35.5,11.6,3.1,2012
Roggwil,4431,26.0,21.1,38.7,10.8,3.4,2012
Romanshorn,4436,19.2,25.9,35.2,13.6,6.2,2012
Salenstein,4851,16.1,20.2,46.6,13.2,4.0,2012
Salmsach,4441,21.8,26.9,36.6,11.7,2.9,2012
Schlatt,4546,23.2,20.6,41.6,10.7,4.1,2012
Schönholzerswilen,4756,28.0,22.0,36.2,9.9,3.9,2012
Sirnach,4761,22.3,26.8,36.4,10.8,3.6,2012
Sommeri ,4446,20.2,25.5,38.9,11.3,4.2,2012
Steckborn,4864,18.9,22.6,38.2,14.6,5.7,2012
Stettfurt,4606,25.8,18.6,43.6,8.6,3.4,2012
Sulgen,4506,21.7,26.5,35.4,11.2,5.1,2012
Tägerwilen,4696,22.0,24.5,38.6,11.3,3.6,2012
Thundorf,4611,24.1,22.4,39.9,9.7,3.9,2012
Tobel-Tägerschen,4776,25.3,25.7,36.0,9.9,3.2,2012
Uesslingen-Buch,4616,22.0,23.2,40.0,11.3,3.7,2012
Uttwil,4451,22.1,22.7,38.7,12.8,3.8,2012
Wagenhausen,4871,20.4,24.0,38.4,13.3,3.8,2012
Wäldi,4701,22.1,21.3,41.7,10.3,4.6,2012
Wängi,4781,23.7,23.6,38.2,10.8,3.7,2012
Warth-Weiningen,4621,19.6,21.4,42.8,12.5,3.7,2012
Weinfelden,4946,19.5,28.9,32.7,13.0,5.9,2012
Wigoltingen,4951,22.1,22.8,39.9,10.7,4.5,2012
Wilen,4786,27.1,21.8,37.7,10.4,3.0,2012
Wuppenau,4791,26.2,23.7,35.1,11.9,3.0,2012
Zihlschlacht-Sitterdorf,4511,25.1,24.4,37.0,10.1,3.4,2012
Aadorf ,4551,20.9,25.3,38.2,11.8,3.8,2013
Affeltrangen,4711,23.3,25.5,37.6,10.1,3.5,2013
Altnau,4641,24.0,22.8,38.6,11.5,3.0,2013
Amlikon-Bissegg,4881,22.3,23.3,39.8,10.4,4.3,2013
Amriswil,4461,21.2,28.6,33.7,11.5,5.0,2013
Arbon,4401,19.0,26.1,35.4,13.9,5.6,2013
Basadingen-Schlattingen,4536,23.1,18.8,42.0,12.5,3.6,2013
Berg,4891,24.9,22.1,38.1,11.2,3.7,2013
Berlingen ,4801,13.2,17.1,43.8,20.2,5.7,2013
Bettwiesen,4716,22.2,27.3,39.5,7.2,3.8,2013
Bichelsee-Balterswil,4721,23.4,24.2,37.1,11.8,3.5,2013
Birwinken,4901,24.1,22.4,39.3,10.3,3.9,2013
Bischofszell,4471,21.9,26.0,34.6,12.3,5.2,2013
Bottighofen,4643,18.3,20.1,40.4,16.8,4.4,2013
Braunau,4723,25.5,24.3,36.3,10.9,3.0,2013
Bürglen,4911,19.9,29.6,35.7,10.6,4.2,2013
Bussnang ,4921,23.3,26.7,36.3,9.8,4.0,2013
Diessenhofen,4545,19.5,26.4,35.4,14.8,3.9,2013
Dozwil,4406,27.1,23.9,31.5,12.2,5.3,2013
Egnach,4411,22.5,25.3,36.7,11.3,4.2,2013
Erlen,4476,23.4,27.2,36.3,10.0,3.2,2013
Ermatingen,4646,18.3,22.2,39.9,14.2,5.4,2013
Eschenz,4806,19.8,23.3,39.0,14.0,3.9,2013
Eschlikon,4724,20.7,26.3,37.3,11.6,4.0,2013
Felben-Wellhausen,4561,22.0,27.2,38.5,9.4,2.8,2013
Fischingen,4726,22.4,21.3,40.4,11.8,4.2,2013
Frauenfeld,4566,19.2,29.3,34.3,12.2,4.9,2013
Gachnang,4571,23.8,23.4,40.0,10.6,2.2,2013
Gottlieben,4651,16.2,20.9,46.4,13.9,2.6,2013
Güttingen,4656,20.6,23.0,39.4,13.2,3.8,2013
Hauptwil-Gottshaus,4486,23.7,27.2,37.5,8.5,3.1,2013
Hefenhofen,4416,23.2,23.8,40.7,8.7,3.6,2013
Herdern ,4811,25.4,21.2,40.8,8.3,4.4,2013
Hohentannen,4495,27.2,22.3,37.7,7.9,4.9,2013
Homburg,4816,22.1,23.0,37.9,12.5,4.5,2013
Horn,4421,19.0,24.4,37.1,13.9,5.6,2013
Hüttlingen,4590,21.8,25.6,39.1,10.0,3.5,2013
Hüttwilen,4821,23.7,21.3,39.8,11.3,3.9,2013
Kemmental,4666,22.9,22.8,39.2,11.3,3.7,2013
Kesswil,4426,20.6,20.3,39.0,14.9,5.1,2013
Kradolf-Schönenberg,4501,20.9,27.2,39.2,8.7,4.0,2013
Kreuzlingen,4671,17.6,28.7,36.1,13.4,4.2,2013
Langrickenbach,4681,23.3,25.7,38.8,8.5,3.8,2013
Lengwil,4683,24.8,22.9,39.5,9.4,3.4,2013
Lommis,4741,24.1,22.7,42.2,8.4,2.6,2013
Mammern,4826,21.4,24.5,38.3,11.8,3.9,2013
Märstetten,4941,23.5,25.9,38.0,9.7,2.9,2013
Matzingen,4591,23.0,26.5,37.2,9.7,3.5,2013
Müllheim,4831,23.2,23.5,38.8,11.5,3.0,2013
Münchwilen,4746,23.3,26.4,36.4,10.3,3.6,2013
Münsterlingen,4691,19.5,24.9,39.7,12.5,3.3,2013
Neunforn,4601,16.6,21.3,41.2,15.5,5.5,2013
Pfyn,4841,22.0,24.5,40.7,9.5,3.3,2013
Raperswilen,4846,20.9,19.3,43.5,12.0,4.3,2013
Rickenbach,4751,19.0,30.6,35.2,12.0,3.2,2013
Roggwil,4431,25.6,20.2,39.7,11.0,3.5,2013
Romanshorn,4436,19.3,26.3,34.6,13.6,6.1,2013
Salenstein,4851,16.0,20.2,46.2,13.8,3.9,2013
Salmsach,4441,21.0,26.5,37.4,12.1,3.0,2013
Schlatt,4546,23.2,20.0,41.5,11.3,4.1,2013
Schönholzerswilen,4756,28.2,22.2,36.5,9.0,4.1,2013
Sirnach,4761,21.7,27.4,36.3,11.0,3.6,2013
Sommeri ,4446,18.8,25.3,39.8,12.3,3.8,2013
Steckborn,4864,18.5,22.1,38.1,15.4,5.9,2013
Stettfurt,4606,25.0,18.6,44.0,9.0,3.4,2013
Sulgen,4506,21.5,26.8,35.3,11.3,5.2,2013
Tägerwilen,4696,22.0,25.2,37.9,11.4,3.5,2013
Thundorf,4611,23.5,22.5,40.4,9.4,4.2,2013
Tobel-Tägerschen,4776,25.1,26.2,35.7,9.2,3.8,2013
Uesslingen-Buch,4616,20.8,23.6,40.6,11.2,3.8,2013
Uttwil,4451,21.4,22.7,39.0,13.3,3.5,2013
Wagenhausen,4871,21.0,24.4,38.0,12.9,3.7,2013
Wäldi,4701,22.1,19.6,43.1,10.8,4.5,2013
Wängi,4781,23.8,24.7,36.7,11.1,3.7,2013
Warth-Weiningen,4621,19.3,20.5,42.6,13.6,4.0,2013
Weinfelden,4946,19.1,29.4,32.7,12.8,6.0,2013
Wigoltingen,4951,21.8,21.7,41.3,10.9,4.3,2013
Wilen,4786,26.2,23.2,37.8,9.9,2.9,2013
Wuppenau,4791,25.8,23.3,35.9,11.9,3.0,2013
Zihlschlacht-Sitterdorf,4511,25.0,23.9,37.9,9.8,3.3,2013
Aadorf ,4551,20.5,25.1,38.2,12.4,3.9,2014
Affeltrangen,4711,23.4,25.5,37.2,10.3,3.6,2014
Altnau,4641,23.1,23.0,38.8,11.9,3.2,2014
Amlikon-Bissegg,4881,20.9,24.1,39.9,10.5,4.6,2014
Amriswil,4461,20.8,29.2,33.5,11.6,4.9,2014
Arbon,4401,19.2,25.7,35.5,14.1,5.5,2014
Basadingen-Schlattingen,4536,22.7,19.9,41.1,12.3,4.0,2014
Berg,4891,24.7,22.3,37.6,11.4,4.1,2014
Berlingen ,4801,12.3,17.4,42.4,22.2,5.6,2014
Bettwiesen,4716,21.0,27.7,39.3,7.9,4.1,2014
Bichelsee-Balterswil,4721,22.8,24.6,37.2,12.0,3.5,2014
Birwinken,4901,23.3,22.5,39.3,10.6,4.3,2014
Bischofszell,4471,21.5,26.3,34.7,12.3,5.3,2014
Bottighofen,4643,17.8,19.6,39.8,17.7,5.2,2014
Braunau,4723,26.1,24.6,35.2,11.8,2.3,2014
Bürglen,4911,19.7,29.7,35.9,10.7,4.0,2014
Bussnang ,4921,22.5,27.3,36.0,10.0,4.2,2014
Diessenhofen,4545,19.3,25.9,35.2,15.2,4.3,2014
Dozwil,4406,26.5,24.5,31.7,11.8,5.5,2014
Egnach,4411,22.3,25.1,36.8,11.8,4.1,2014
Erlen,4476,23.8,28.3,34.7,9.9,3.2,2014
Ermatingen,4646,18.2,21.9,40.3,14.0,5.6,2014
Eschenz,4806,19.7,22.9,39.2,14.2,4.0,2014
Eschlikon,4724,21.0,26.5,37.0,11.5,3.9,2014
Felben-Wellhausen,4561,21.9,26.9,38.4,10.2,2.6,2014
Fischingen,4726,21.3,22.3,39.3,12.8,4.2,2014
Frauenfeld,4566,19.1,29.4,34.1,12.4,5.0,2014
Gachnang,4571,23.3,23.9,40.0,10.8,2.0,2014
Gottlieben,4651,17.1,20.1,45.5,14.4,3.0,2014
Güttingen,4656,21.1,23.6,37.9,13.3,4.2,2014
Hauptwil-Gottshaus,4486,24.1,26.0,37.4,9.5,3.0,2014
Hefenhofen,4416,21.2,23.8,42.4,8.5,4.1,2014
Herdern ,4811,23.5,21.4,42.5,8.4,4.2,2014
Hohentannen,4495,25.7,23.9,37.8,8.0,4.6,2014
Homburg,4816,22.9,22.2,37.7,12.6,4.6,2014
Horn,4421,18.3,23.9,37.4,14.6,5.8,2014
Hüttlingen,4590,22.5,25.6,38.1,10.1,3.6,2014
Hüttwilen,4821,23.6,21.3,39.2,12.0,3.9,2014
Kemmental,4666,22.1,23.0,39.4,11.7,3.8,2014
Kesswil,4426,21.6,19.5,39.0,14.6,5.3,2014
Kradolf-Schönenberg,4501,20.2,28.8,38.3,9.1,3.6,2014
Kreuzlingen,4671,17.4,29.1,35.6,13.6,4.3,2014
Langrickenbach,4681,23.4,26.1,38.1,8.8,3.6,2014
Lengwil,4683,23.7,24.2,39.3,9.9,2.9,2014
Lommis,4741,23.8,23.7,41.1,8.8,2.5,2014
Mammern,4826,20.9,24.5,39.0,11.3,4.3,2014
Märstetten,4941,23.3,25.0,38.6,10.1,3.0,2014
Matzingen,4591,22.9,27.5,36.6,9.5,3.5,2014
Müllheim,4831,22.2,23.4,39.4,11.8,3.1,2014
Münchwilen,4746,22.7,26.8,36.6,10.4,3.5,2014
Münsterlingen,4691,19.5,25.1,38.9,13.1,3.4,2014
Neunforn,4601,15.4,22.0,40.7,16.5,5.3,2014
Pfyn,4841,21.8,24.9,39.4,10.1,3.8,2014
Raperswilen,4846,20.2,23.4,39.9,12.7,3.9,2014
Rickenbach,4751,18.7,30.9,34.6,12.0,3.8,2014
Roggwil,4431,25.2,19.9,39.5,12.1,3.3,2014
Romanshorn,4436,19.1,26.3,34.5,14.0,6.0,2014
Salenstein,4851,15.8,20.5,45.1,14.1,4.5,2014
Salmsach,4441,21.0,26.8,37.7,11.8,2.7,2014
Schlatt,4546,21.4,21.7,40.9,11.9,4.0,2014
Schönholzerswilen,4756,27.0,21.9,37.4,9.3,4.4,2014
Sirnach,4761,21.0,27.7,36.3,11.4,3.6,2014
Sommeri ,4446,20.0,27.0,37.6,11.9,3.5,2014
Steckborn,4864,18.8,21.8,38.3,15.5,5.6,2014
Stettfurt,4606,24.9,19.0,42.5,10.1,3.5,2014
Sulgen,4506,20.5,27.7,35.1,11.2,5.6,2014
Tägerwilen,4696,22.0,25.1,38.2,11.2,3.5,2014
Thundorf,4611,23.1,24.1,37.9,10.6,4.3,2014
Tobel-Tägerschen,4776,24.5,25.9,36.5,9.6,3.5,2014
Uesslingen-Buch,4616,20.5,24.8,39.2,11.9,3.6,2014
Uttwil,4451,20.6,22.2,39.5,13.7,3.9,2014
Wagenhausen,4871,21.0,23.7,38.3,13.0,4.0,2014
Wäldi,4701,21.6,21.1,42.2,11.2,4.0,2014
Wängi,4781,23.6,24.4,36.9,11.5,3.7,2014
Warth-Weiningen,4621,19.6,19.7,42.6,14.2,3.9,2014
Weinfelden,4946,19.1,29.5,32.7,12.6,6.1,2014
Wigoltingen,4951,21.7,22.7,40.4,10.7,4.5,2014
Wilen,4786,26.1,24.0,37.2,10.1,2.6,2014
Wuppenau,4791,26.7,22.9,35.3,12.0,3.0,2014
Zihlschlacht-Sitterdorf,4511,24.8,24.9,36.4,10.5,3.3,2014
Aadorf,4551,20.1,25.6,37.5,12.8,3.9,2015
Affeltrangen,4711,23.1,25.6,37.2,10.6,3.5,2015
Altnau,4641,22.6,22.7,38.7,12.6,3.4,2015
Amlikon-Bissegg,4881,20.1,25.2,39.5,10.2,5.0,2015
Amriswil,4461,20.7,29.7,33.2,11.6,4.8,2015
Arbon,4401,19.1,25.5,35.3,14.3,5.7,2015
Basadingen-Schlattingen,4536,21.7,21.2,40.0,12.5,4.5,2015
Berg,4891,23.8,22.8,37.7,11.5,4.2,2015
Berlingen,4801,13.1,17.0,41.6,22.4,5.9,2015
Bettwiesen,4716,20.9,28.4,39.0,8.1,3.6,2015
Bichelsee-Balterswil,4721,22.3,24.3,37.6,12.4,3.5,2015
Birwinken,4901,23.3,22.2,39.2,10.9,4.4,2015
Bischofszell,4471,20.8,26.9,34.5,12.6,5.3,2015
Bottighofen,4643,17.9,19.9,39.7,16.9,5.6,2015
Braunau,4723,25.6,24.4,36.4,11.3,2.3,2015
Bürglen,4911,19.5,31.0,34.6,11.1,3.8,2015
Bussnang,4921,22.3,26.9,36.3,10.4,4.0,2015
Diessenhofen,4545,19.1,26.2,35.0,15.3,4.4,2015
Dozwil,4406,26.0,24.4,32.3,12.6,4.7,2015
Egnach,4411,22.4,24.7,36.8,12.0,4.1,2015
Erlen,4476,23.1,30.3,33.6,10.1,2.9,2015
Ermatingen,4646,18.3,21.8,39.8,14.3,5.8,2015
Eschenz,4806,19.4,23.4,38.0,15.0,4.1,2015
Eschlikon,4724,20.6,27.5,36.4,11.6,3.8,2015
Felben-Wellhausen,4561,21.1,27.0,38.4,11.2,2.3,2015
Fischingen,4726,21.9,22.4,38.6,12.7,4.4,2015
Frauenfeld,4566,19.0,29.7,33.9,12.4,5.0,2015
Gachnang,4571,22.8,25.5,38.1,11.1,2.5,2015
Gottlieben,4651,17.5,22.5,42.5,14.4,3.1,2015
Güttingen,4656,21.0,23.8,37.7,13.1,4.4,2015
Hauptwil-Gottshaus,4486,23.8,26.9,37.1,9.3,2.9,2015
Hefenhofen,4416,20.6,23.7,42.3,9.5,3.9,2015
Herdern,4811,22.8,22.7,41.5,8.7,4.3,2015
Hohentannen,4495,24.3,24.8,38.2,7.8,4.7,2015
Homburg,4816,23.6,21.6,37.0,13.5,4.4,2015
Horn,4421,17.4,24.6,37.2,14.8,5.9,2015
Hüttlingen,4590,22.2,24.2,39.6,10.6,3.4,2015
Hüttwilen,4821,23.8,21.6,38.5,12.4,3.7,2015
Kemmental,4666,22.0,23.4,38.9,11.8,3.9,2015
Kesswil,4426,22.5,19.3,37.6,15.0,5.6,2015
Kradolf-Schönenberg,4501,20.1,28.9,37.5,9.7,3.8,2015
Kreuzlingen,4671,17.5,28.9,35.6,13.6,4.4,2015
Langrickenbach,4681,23.2,26.1,38.0,8.9,3.8,2015
Lengwil,4683,23.2,25.7,38.3,10.0,2.8,2015
Lommis,4741,23.3,23.8,40.8,9.6,2.4,2015
Mammern,4826,20.2,23.5,40.0,10.9,5.4,2015
Märstetten,4941,22.8,25.0,38.1,11.0,3.1,2015
Matzingen,4591,22.6,28.6,35.9,9.2,3.7,2015
Müllheim,4831,21.3,24.5,39.0,11.8,3.4,2015
Münchwilen,4746,22.7,27.2,36.1,10.6,3.4,2015
Münsterlingen,4691,19.4,24.7,39.3,13.3,3.5,2015
Neunforn,4601,15.9,22.5,39.9,16.5,5.2,2015
Pfyn,4841,21.6,23.7,40.2,10.7,3.8,2015
Raperswilen,4846,19.7,22.0,41.4,12.9,4.0,2015
Rickenbach,4751,19.1,31.0,34.2,11.8,3.8,2015
Roggwil,4431,24.9,20.7,39.0,12.0,3.5,2015
Romanshorn,4436,18.8,26.7,34.2,14.2,6.1,2015
Salenstein,4851,15.5,19.5,45.3,15.4,4.4,2015
Salmsach,4441,20.3,27.3,37.2,11.9,3.2,2015
Schlatt,4546,21.6,20.3,41.4,12.5,4.2,2015
Schönholzerswilen,4756,27.5,23.1,35.7,9.1,4.6,2015
Sirnach,4761,20.6,28.5,35.6,11.5,3.7,2015
Sommeri,4446,19.8,25.2,37.9,13.1,4.0,2015
Steckborn,4864,18.6,21.8,37.9,16.0,5.8,2015
Stettfurt,4606,23.8,19.7,42.4,10.8,3.4,2015
Sulgen,4506,20.1,28.2,34.8,11.4,5.4,2015
Tägerwilen,4696,21.9,24.9,38.4,10.9,3.9,2015
Thundorf,4611,24.2,23.3,37.2,11.1,4.1,2015
Tobel-Tägerschen,4776,23.9,24.8,38.4,9.7,3.2,2015
Uesslingen-Buch,4616,20.4,24.3,39.4,12.1,3.8,2015
Uttwil,4451,19.4,21.8,40.0,14.5,4.3,2015
Wagenhausen,4871,21.6,23.3,37.5,13.6,4.1,2015
Wäldi,4701,20.7,22.5,40.5,12.3,4.0,2015
Wängi,4781,23.3,24.1,37.0,11.7,3.9,2015
Warth-Weiningen,4621,19.3,18.2,43.5,15.2,3.9,2015
Weinfelden,4946,19.0,29.7,32.6,12.6,6.1,2015
Wigoltingen,4951,22.1,23.7,39.7,10.2,4.3,2015
Wilen,4786,25.9,23.9,37.2,10.5,2.5,2015
Wuppenau,4791,26.5,22.1,36.5,11.6,3.2,2015
Zihlschlacht-Sitterdorf,4511,24.3,25.1,36.3,11.1,3.2,2015
Aadorf,4551,20.3,25.5,36.9,13.5,3.8,2016
Affeltrangen,4711,23.4,25.3,37.1,10.9,3.3,2016
Altnau,4641,22.4,23.0,38.9,12.4,3.3,2016
Amlikon-Bissegg,4881,18.9,24.4,40.4,10.9,5.4,2016
Amriswil,4461,20.6,29.5,33.4,11.7,4.8,2016
Arbon,4401,19.1,25.4,35.6,14.1,5.8,2016
Basadingen-Schlattingen,4536,21.3,20.9,40.3,13.0,4.6,2016
Berg,4891,23.6,23.1,37.7,11.7,3.9,2016
Berlingen,4801,13.9,18.2,39.1,22.4,6.4,2016
Bettwiesen,4716,21.8,28.0,38.1,8.9,3.2,2016
Bichelsee-Balterswil,4721,22.5,24.4,36.7,12.7,3.6,2016
Birwinken,4901,22.7,23.0,38.9,10.8,4.5,2016
Bischofszell,4471,20.7,27.0,34.2,12.5,5.5,2016
Bottighofen,4643,17.7,19.4,40.1,16.6,6.2,2016
Braunau,4723,24.7,25.0,36.6,11.5,2.2,2016
Bürglen,4911,19.1,31.3,34.5,11.1,3.9,2016
Bussnang,4921,21.4,27.0,36.2,11.0,4.4,2016
Diessenhofen,4545,19.2,26.6,34.7,15.3,4.3,2016
Dozwil,4406,25.9,24.6,32.2,13.3,4.0,2016
Egnach,4411,21.9,25.4,36.7,11.8,4.1,2016
Erlen,4476,23.1,29.7,33.9,10.4,2.9,2016
Ermatingen,4646,18.3,22.3,39.6,14.1,5.8,2016
Eschenz,4806,19.6,22.4,38.5,15.1,4.4,2016
Eschlikon,4724,21.3,27.0,35.9,11.9,3.9,2016
Felben-Wellhausen,4561,21.2,26.7,37.8,11.9,2.4,2016
Fischingen,4726,21.5,23.7,37.6,12.8,4.5,2016
Frauenfeld,4566,19.0,29.4,33.9,12.4,5.3,2016
Gachnang,4571,22.9,26.4,37.1,11.3,2.2,2016
Gottlieben,4651,17.0,21.7,41.2,17.0,3.1,2016
Güttingen,4656,20.8,23.1,37.4,13.9,4.9,2016
Hauptwil-Gottshaus,4486,24.1,26.7,36.6,9.4,3.2,2016
Hefenhofen,4416,20.9,24.0,42.4,8.8,3.9,2016
Herdern,4811,21.6,23.4,41.0,9.7,4.4,2016
Hohentannen,4495,23.1,24.6,39.4,7.5,5.4,2016
Homburg,4816,22.9,22.3,37.1,13.4,4.4,2016
Horn,4421,16.7,23.0,38.2,15.4,6.7,2016
Hüttlingen,4590,22.1,23.9,40.6,10.2,3.2,2016
Hüttwilen,4821,23.6,21.7,38.4,12.3,4.0,2016
Kemmental,4666,21.1,24.6,38.4,11.9,4.1,2016
Kesswil,4426,22.4,17.2,38.0,15.7,6.7,2016
Kradolf-Schönenberg,4501,20.0,29.4,37.0,10.1,3.6,2016
Kreuzlingen,4671,17.5,28.4,35.9,13.6,4.6,2016
Langrickenbach,4681,22.8,26.0,37.5,9.9,3.8,2016
Lengwil,4683,23.8,25.2,38.2,10.2,2.6,2016
Lommis,4741,22.9,23.4,41.0,10.0,2.8,2016
Mammern,4826,20.3,23.2,38.9,12.5,5.1,2016
Märstetten,4941,22.4,25.7,37.2,11.4,3.3,2016
Matzingen,4591,22.5,28.3,36.0,9.8,3.4,2016
Müllheim,4831,21.6,24.3,38.9,11.7,3.5,2016
Münchwilen,4746,22.3,27.3,36.4,10.7,3.4,2016
Münsterlingen,4691,19.7,25.0,38.5,13.1,3.7,2016
Neunforn,4601,17.0,22.7,38.1,16.9,5.2,2016
Pfyn,4841,22.1,23.3,40.5,10.5,3.7,2016
Raperswilen,4846,18.4,22.3,41.4,13.6,4.3,2016
Rickenbach,4751,19.1,30.7,34.3,11.9,3.9,2016
Roggwil,4431,24.8,21.7,38.3,11.5,3.7,2016
Romanshorn,4436,18.8,27.0,33.8,14.3,6.0,2016
Salenstein,4851,15.9,19.1,44.6,16.6,3.8,2016
Salmsach,4441,19.6,28.5,37.0,11.7,3.2,2016
Schlatt,4546,21.1,20.7,41.5,13.0,3.7,2016
Schönholzerswilen,4756,26.8,24.8,35.2,9.5,3.7,2016
Sirnach,4761,20.2,28.4,35.9,11.7,3.8,2016
Sommeri,4446,20.4,26.8,37.2,11.7,4.0,2016
Steckborn,4864,17.9,22.1,37.6,16.5,6.0,2016
Stettfurt,4606,24.3,20.5,40.6,11.6,3.0,2016
Sulgen,4506,20.2,28.0,34.3,11.7,5.8,2016
Tägerwilen,4696,22.0,25.6,37.7,10.8,4.0,2016
Thundorf,4611,23.6,23.9,37.2,11.2,4.0,2016
Tobel-Tägerschen,4776,22.5,27.5,36.8,10.0,3.1,2016
Uesslingen-Buch,4616,19.8,24.2,39.4,12.4,4.2,2016
Uttwil,4451,19.5,21.1,40.4,14.5,4.5,2016
Wagenhausen,4871,21.2,22.7,38.4,13.3,4.4,2016
Wäldi,4701,20.3,22.4,40.3,13.0,4.1,2016
Wängi,4781,22.6,24.8,37.1,11.9,3.7,2016
Warth-Weiningen,4621,18.8,19.6,42.4,15.7,3.5,2016
Weinfelden,4946,19.0,29.5,32.5,12.7,6.4,2016
Wigoltingen,4951,21.5,24.6,39.1,10.7,4.1,2016
Wilen,4786,25.0,24.6,36.7,10.8,2.9,2016
Wuppenau,4791,25.9,21.9,36.4,11.8,4.0,2016
Zihlschlacht-Sitterdorf,4511,24.1,25.4,35.6,11.3,3.5,2016
Aadorf,4551,20.2,25.4,36.4,14.0,4.0,2017
Affeltrangen,4711,23.0,26.0,36.6,11.0,3.4,2017
Altnau,4641,22.5,23.2,38.3,12.4,3.7,2017
Amlikon-Bissegg,4881,19.2,24.8,39.6,11.3,5.1,2017
Amriswil,4461,20.6,29.2,33.5,11.8,4.9,2017
Arbon,4401,19.2,25.6,35.4,14.2,5.7,2017
Basadingen-Schlattingen,4536,21.5,20.9,39.6,13.4,4.6,2017
Berg,4891,22.9,23.6,37.7,11.6,4.2,2017
Berlingen,4801,14.1,19.5,37.3,21.5,7.6,2017
Bettwiesen,4716,21.1,29.1,37.0,9.6,3.2,2017
Bichelsee-Balterswil,4721,22.7,24.5,36.6,12.7,3.5,2017
Birwinken,4901,22.4,23.9,38.2,10.7,4.8,2017
Bischofszell,4471,20.8,27.0,33.9,12.8,5.5,2017
Bottighofen,4643,18.4,18.2,40.3,16.5,6.6,2017
Braunau,4723,24.7,24.7,37.1,11.6,1.9,2017
Bürglen,4911,19.4,31.5,33.9,11.1,4.2,2017
Bussnang,4921,21.7,27.3,35.7,11.0,4.3,2017
Diessenhofen,4545,18.4,26.6,35.1,15.8,4.1,2017
Dozwil,4406,25.1,22.9,34.2,13.6,4.1,2017
Egnach,4411,22.0,25.2,36.8,11.9,4.0,2017
Erlen,4476,23.6,28.9,34.3,10.4,2.9,2017
Ermatingen,4646,17.6,22.4,39.6,14.3,6.1,2017
Eschenz,4806,19.9,21.5,39.3,15.0,4.3,2017
Eschlikon,4724,21.0,26.4,35.8,12.6,4.2,2017
Felben-Wellhausen,4561,21.4,26.6,37.7,11.7,2.5,2017
Fischingen,4726,21.5,24.2,37.1,13.0,4.2,2017
Frauenfeld,4566,18.9,29.3,33.7,12.9,5.3,2017
Gachnang,4571,22.5,26.6,36.8,11.9,2.2,2017
Gottlieben,4651,19.5,21.0,38.5,17.2,3.7,2017
Güttingen,4656,20.9,22.4,37.7,14.3,4.7,2017
Hauptwil-Gottshaus,4486,23.5,27.0,35.7,10.4,3.3,2017
Hefenhofen,4416,20.6,23.6,42.6,9.9,3.3,2017
Herdern,4811,20.9,22.6,41.1,11.7,3.8,2017
Hohentannen,4495,22.9,24.4,40.5,6.8,5.3,2017
Homburg,4816,23.3,22.1,37.0,13.5,4.2,2017
Horn,4421,16.2,24.7,37.2,15.4,6.6,2017
Hüttlingen,4590,21.1,24.5,40.6,10.8,3.0,2017
Hüttwilen,4821,23.3,22.2,38.0,12.9,3.7,2017
Kemmental,4666,20.5,25.4,38.0,12.2,3.9,2017
Kesswil,4426,21.7,17.6,39.0,15.4,6.2,2017
Kradolf-Schönenberg,4501,19.5,28.9,36.9,10.9,3.8,2017
Kreuzlingen,4671,17.5,28.5,35.6,13.6,4.8,2017
Langrickenbach,4681,21.7,27.0,37.6,10.3,3.5,2017
Lengwil,4683,22.8,24.2,39.9,10.7,2.3,2017
Lommis,4741,22.2,23.8,40.3,10.9,2.9,2017
Mammern,4826,21.0,21.5,39.2,12.5,5.9,2017
Märstetten,4941,22.4,25.4,37.4,11.6,3.2,2017
Matzingen,4591,21.8,29.8,34.9,10.2,3.3,2017
Müllheim,4831,21.0,24.2,39.1,12.1,3.6,2017
Münchwilen,4746,21.9,28.0,35.4,11.2,3.5,2017
Münsterlingen,4691,19.3,25.3,38.1,13.5,3.8,2017
Neunforn,4601,17.1,22.6,37.5,17.6,5.1,2017
Pfyn,4841,22.0,23.6,40.1,10.5,3.7,2017
Raperswilen,4846,17.0,22.6,41.1,14.5,4.8,2017
Rickenbach,4751,19.1,30.2,34.2,12.1,4.3,2017
Roggwil,4431,24.2,21.6,38.5,11.5,4.1,2017
Romanshorn,4436,19.0,27.0,33.5,14.6,5.9,2017
Salenstein,4851,16.6,17.5,45.2,17.1,3.7,2017
Salmsach,4441,19.4,27.7,36.9,12.8,3.2,2017
Schlatt,4546,21.1,21.0,40.6,13.6,3.8,2017
Schönholzerswilen,4756,26.9,23.8,35.7,10.0,3.5,2017
Sirnach,4761,19.8,28.4,35.8,12.2,3.8,2017
Sommeri,4446,20.4,29.0,35.0,11.0,4.6,2017
Steckborn,4864,17.9,21.4,38.0,16.8,6.0,2017
Stettfurt,4606,24.2,20.8,39.7,12.2,3.1,2017
Sulgen,4506,20.2,27.7,34.6,12.1,5.4,2017
Tägerwilen,4696,21.4,25.0,38.4,11.1,4.0,2017
Thundorf,4611,23.6,23.1,37.4,11.9,4.0,2017
Tobel-Tägerschen,4776,22.2,27.2,36.9,10.3,3.4,2017
Uesslingen-Buch,4616,19.5,24.4,39.1,12.5,4.6,2017
Uttwil,4451,19.2,21.3,40.2,15.0,4.4,2017
Wagenhausen,4871,20.6,23.3,37.5,14.0,4.7,2017
Wäldi,4701,20.0,21.5,40.2,13.9,4.3,2017
Wängi,4781,22.2,24.7,37.0,12.2,3.9,2017
Warth-Weiningen,4621,19.1,21.1,41.4,14.9,3.4,2017
Weinfelden,4946,18.9,29.9,32.0,12.9,6.4,2017
Wigoltingen,4951,22.0,24.2,39.2,10.3,4.3,2017
Wilen,4786,25.5,23.6,36.9,11.0,3.0,2017
Wuppenau,4791,26.2,20.9,36.7,12.2,4.0,2017
Zihlschlacht-Sitterdorf,4511,23.2,26.3,35.6,11.4,3.6,2017
